1654
1780
1133
1133
919
5477
4277
4373
4373
940
940
940
940
940
940
4276
1378
1318
1550
1709
500
2568
2819
2576
2310
2416
3045
966
1041
668
7362
1124
2114
1621
96
91
84
2275
2122
1205
1184
993
1111
2145
2029
2793
1051
2396
2267
2316
2135
2977
3072
3783
1248
1868
1877
2281
2648
2173
2196
2565
2939
2283
913
994
816
3126
1213
1751
737
2196
1635
1654
494
4662
4267
3871
2449
2662
2518
2348
1121
1308
2090
3358
3346
3316
3141
3162
2954
1248
912
2211
2473
2467
2521
2440
2488
6012
912
2647
2617
2165
6300
3247
3038
3667
3178
3175
1107
963
4728
1934
2344
2129
2136
2026
2292
733
5714
1655
2249
3111
2020
2080
4859
2661
1309
2211
965
1714
2683
2715
2750
2770
2782
2670
2673
2836
2926
1782
1423
3714
622
8740
8683
62
2919
7476
96
2432
1711
5007
5062
4867
4912
4772
5157
4887
4747
4842
5132
4982
5037
4965
3330
6413
5951
4695
4082
2186
550
2655
6480
3035
1670
1956
571
2080
2929
2076
74
71
5034
4282
4181
4224
4298
4172
3688
9705
2089
3989
4820
701
4088
1814
1439
1634
1423
4264
3544
64
1632
1659
1496
1520
1078
899
4736
4719
4664
4783
5243
6724
2038
2801
2349
4491
3674
1390
1296
2100
3309
736
993
1007
8467
2210
6224
574
639
6002
910
968
3133
2409
6321
8218
8032
2199
2559
448
1344
1551
2450
1285
1157
111
9120
3120
1468
3913
3863
5435
1825
5180
5211
2966
3001
1414
3786
659
5519
5907
10628
7685
1950
1324
1248
1256
1352
1436
1387
1233
2044
3398
1935
7954
4421
2774
4223
2466
737
1281
2756
2832
8783
2243
3656
5235
1721
2939
2954
3327
2828
1555
1128
1161
1780
1167
1188
1286
1265
1131
7162
1051
5667
1187
1087
1666
857
701
2826
3050
4696
4550
1811
3701
2366
3685
79
16398
16322
153
153
1812
1579
4053
3835
1023
1788
2164
1843
1003
1110
1646
1844
1522
1847
1428
1724
1449
1859
1158
2107
1449
1859
1724
1847
1866
1867
2104
2168
2126
2126
1589
1601
1511
1848
1428
1866
1867
2104
2126
2126
1560
1601
1511
1910
2818
2812
2642
2636
2710
7967
7466
6201
6037
3913
3850
3651
3661
6984
1946
2020
1915
1989
5121
2423
907
928
931
2174
2005
6040
3161
2690
1855
4142
3075
1526
3358
1527
2784
539
2734
12242
2767
2581
923
2895
2553
2556
2612
2145
1708
3981
3045
1565
2986
3638
3587
2028
2011
2012
2089
5383
75
4368
1772
2650
75
2026
4411
74
6693
1110
1107
1088
1091
4010
3721
4025
1153
4379
3863
3204
2281
2363
4135
3965
4523
4288
1864
1954
5058
2268
6062
2262
2527
3258
3398
2386
88
5844
15988
4261
2281
2122
2321
1248
2491
2626
1651
1894
2263
1833
1719
2100
3810
3916
2215
2029
3730
3972
3681
2065
2137
2030
2055
2164
1987
2990
1251
6522
491
894
928
1006
975
1899
2632
2724
456
2974
4497
3795
2353
2462
2583
963
2668
2137
3793
3790
3844
3714
3934
6073
6460
6550
2212
5105
5258
5155
5115
2577
3791
3755
3580
4323
2442
2608
2325
3326
3522
3359
4491
2423
4017
14385
1011
915
1104
1040
2174
2301
1519
3910
9011
8722
5013
1858
1101
1171
1194
1047
4885
4882
83
69
513
3054
3128
69
8492
8425
2836
2743
2576
2752
2585
4318
4497
2868
695
1597
4154
4126
5200
1242
1034
640
637
4954
1088
1628
1634
1643
1618
1578
1402
1617
2125
1777
79
2417
1979
1927
2380
1982
2215
3062
3059
5837
2969
4570
4438
4483
1849
2236
2885
2820
2716
2813
2870
2725
2605
5438
391
432
339
2646
2391
2787
2754
2532
2579
2668
2502
2184
2359
3994
3951
4440
4275
4346
1784
1657
1470
2552
2843
2309
1493
1230
1172
1628
3949
2944
3213
4242
4345
2012
1903
3654
2110
2064
2064
3025
2243
1719
1531
1507
94
3592
4025
2333
2481
1773
4273
4156
4348
1526
652
2557
2537
1429
3949
1118
1863
1379
1869
507
5265
1659
1656
4018
3334
3337
3216
3231
1975
3221
3133
53
7954
8605
2408
2734
3147
1316
1515
2136
1273
1336
1807
1951
2376
4584
4818
1620
1709
1774
1863
2653
1945
1981
4357
1006
1040
1544
2112
5680
5164
6503
2498
2455
2439
841
853
865
3124
3278
3381
3469
3366
3088
2384
2666
2564
167
1240
1652
2726
1729
1881
1601
2161
6044
1625
4321
4111
4194
4249
1773
544
1927
620
3538
1872
1816
6225
6207
2350
2871
2241
2727
2867
2550
2644
2602
1876
2025
745
81
131
133
135
1085
1135
1119
1456
136
2671
2704
2832
3065
2723
1777
5706
5795
5977
6015
5837
2420
2564
2480
2536
2444
2317
5622
5653
5635
5613
3838
2054
2248
78
5126
5401
5407
89
89
89
89
76
571
2929
1634
1610
1101
2160
2082
2009
2821
2072
1171
2744
2249
2155
1856
2010
1984
1682
1825
5655
5448
77
3904
3439
3457
3935
2694
1827
7386
4807
883
2298
2058
1358
1087
1469
2331
958
2130
2113
2105
1548
702
1317
2869
2582
2700
2920
4022
7338
722
7952
7955
7855
3417
3498
5419
5334
2656
3130
4352
4366
2089
2738
3024
1410
999
2565
2612
3654
3797
3678
2884
2765
2194
3846
3115
2573
3887
101
4226
13178
2345
630
1372
2002
3011
1283
2842
2219
1764
1624
5906
6014
5763
3597
1890
928
5160
4180
3083
7024
4833
3712
3372
3441
2194
4224
4749
4381
2936
8509
8316
7078
7497
3664
3404
1519
1697
4447
1267
3341
4443
2535
2338
1057
3858
852
1499
813
973
3007
3507
3426
9235
73
1430
2722
2155
2475
2655
2418
2728
2918
2597
3098
2360
2314
5528
2071
2862
2585
2401
1841
1188
1321
7983
4478
2853
1486
1663
2058
2929
100
2287
1439
2570
2603
2677
4410
5277
2510
2543
2324
1845
2731
2595
570
574
17966
6980
5633
2646
3220
3172
3132
138
4119
1113
4263
1129
4339
4386
1265
4378
3780
1825
2139
3263
3626
2042
2215
2176
2786
2768
2513
2201
6258
743
3164
2863
2940
2498
2582
2513
2036
2165
2206
2102
7237
3183
2099
1984
2157
2096
2379
93
90
4113
3950
1292
3218
4804
2123
1998
2650
3249
3087
3159
3369
3297
3363
1248
12327
12411
1711
1892
600
578
5124
5322
5367
5244
10574
1782
1609
1492
1047
3114
810
1554
3520
2864
3606
2720
2701
3119
1020
903
990
801
3467
3362
1916
1613
3680
1128
521
1396
1514
4189
3045
3048
1790
1407
1478
3922
4005
3657
1685
1634
1459
1349
1541
1468
1495
1178
14050
1255
1273
1331
7739
7767
4531
1565
2369
1560
2206
2418
1609
1959
1654
2300
2463
2255
1925
1949
1799
4047
2503
1818
980
1030
2211
2012
2011
1470
3226
3389
3220
3132
1776
1596
1556
1752
3025
1603
1697
2901
711
75
99
72
70
2105
2373
1266
1580
4321
3795
2006
1576
3649
1418
1468
5850
1711
1803
1937
1904
1946
1711
1792
1795
2400
3087
2046
2089
2175
2854
1021
1215
1024
1241
1461
1590
1502
1373
3306
3112
2288
2263
2236
3751
907
1474
2118
3262
5767
5187
5685
1638
2959
2758
1851
3164
2568
2958
530
4961
5117
4779
5293
5062
4694
2110
1276
2873
2888
2453
2395
2580
2700
2824
2613
2727
2808
2826
1632
1838
1699
1791
1791
861
502
587
5778
2170
2167
2618
2564
2369
1919
1680
898
5006
5036
5033
2936
2788
1982
2508
4676
7036
1521
3213
3289
5017
3002
1334
1958
1880
1891
2108
2066
3086
2602
2090
1275
916
3077
2733
2759
5245
4364
3932
3902
3862
3850
3822
3518
3615
3492
4057
3452
3851
60
12849
1606
1697
4581
4446
4649
4934
2630
4756
5678
3171
3186
3183
2782
5877
5880
1232
701
2117
8156
4285
1454
1506
1600
2608
2682
2668
2741
2103
1424
1433
1302
3182
2752
3430
3078
2688
3099
1092
761
1184
7797
7619
7005
7285
927
1911
2826
4723
4843
4721
1863
1694
1915
1719
1864
1663
1672
607
1797
1762
791
1704
4102
77
2727
3541
1490
2123
2092
2031
2032
3197
1989
6370
6149
6503
4399
4409
2403
2388
1986
2225
1712
1800
4295
1100
1374
3722
10870
2049
84
3314
9361
3480
2403
2049
2597
1918
2073
7788
3324
997
1127
1046
2103
2030
1665
71
5879
1866
2040
9337
9227
9400
9493
1257
8547
3995
3883
5487
3423
3518
3948
7101
2133
2735
2687
1805
2069
3386
1018
1136
1069
2375
1658
2483
2360
2569
2299
3391
1145
5301
76
4373
5078
89
76
6893
7004
6886
5769
600
4765
4181
5155
3089
4630
2954
3053
5119
4320
4275
4282
3886
4719
79
2269
720
3861
1758
5643
3609
3891
5640
5601
5565
3756
3831
5420
3611
6472
2150
2825
4056
6709
6727
6754
6772
1384
1281
1145
4413
2257
1633
2064
2479
2808
94
2622
4492
5345
6270
997
2960
2805
2799
5680
805
902
801
854
2055
2019
2152
1818
2086
1989
2017
1846
1939
1967
2060
2357
7761
1679
3080
3156
87
787
5676
537
2870
3671
3727
3355
2806
4488
3048
7174
2273
1983
2170
2313
3342
3438
3529
2383
1773
3918
2545
2615
2627
1505
79
85
72
3297
1048
1110
3264
1152
2037
4636
3339
3950
4338
4529
4349
2938
5279
3402
3209
2904
2240
2829
1197
5435
5363
5883
1735
3634
5726
3669
1853
4523
4493
4314
4254
4304
4321
4211
4219
1571
1565
1409
1560
1265
1013
1984
810
3108
2887
6040
5912
5856
5728
5861
1724
3058
2694
2863
3030
81
4718
3266
3394
3107
890
3992
4025
2298
6091
6207
6560
4087
4175
4347
4388
4038
3134
3112
3222
3427
6451
6386
6474
6243
1794
1845
1583
6765
3043
1406
3140
3147
3348
5411
890
6126
1652
2065
2166
4989
5090
3051
3061
2606
2465
6156
3954
4063
4878
1239
7745
7800
792
7210
3790
3777
1703
2734
1549
1499
2095
2125
5771
4970
3197
3231
3325
1365
6318
6481
6582
6484
3366
3722
3227
3033
3378
3436
3161
1450
1456
4565
757
2051
3125
2701
2708
2794
7421
1039
878
96
134
2651
2472
2430
2608
4064
3971
3860
4143
6069
6119
6141
4342
4042
3211
4231
4055
5357
3182
1566
81
2729
3081
7375
9140
3639
976
2238
2399
2408
2345
2073
956
1061
6912
6827
1497
1239
1192
1139
1326
2759
3500
4470
1795
2474
110
103
2268
1753
1786
1620
4021
4006
2547
5029
4854
2586
47
47
2695
7405
7483
7203
7143
7216
7214
2157
2649
3914
3154
1886
1828
1957
1869
10826
2595
2635
69
2461
2555
4286
3467
828
2935
3212
3026
2892
2856
7912
8225
1794
1797
1815
3052
3468
1784
7358
7394
7240
7008
1900
2191
1984
1642
1792
1873
1871
1849
1873
1792
1849
1871
1792
1873
1871
1849
1211
2651
3182
3359
2938
4796
3118
3486
3335
2514
2150
2238
5351
1889
1706
3709
3760
3073
2522
3064
538
3048
4837
4697
4365
4368
4389
581
2753
421
736
7054
1950
3183
10574
1748
1753
1647
1381
7042
7015
3755
3743
3767
3835
3785
2393
4807
5118
5041
5002
4936
2473
2826
4739
76
1373
3750
3921
3410
1351
1380
1434
1487
1209
1081
1193
1578
4059
4136
2337
2340
2247
1752
2781
4243
3960
4331
3703
4045
4056
3283
1482
1509
6414
4441
3751
4129
2613
3322
3434
2504
2379
2493
2133
2638
852
1375
1250
1960
1964
2253
3347
1581
1575
3339
1810
1895
2260
2222
2054
1450
1481
1510
2811
1369
1643
2352
613
2253
2418
2108
923
2156
1169
2247
1547
1915
1820
5982
5840
1978
2134
3521
2701
2643
5906
65
2024
2475
4542
4448
4491
2108
2750
3542
3657
1333
1301
1403
1724
1070
1138
4383
3914
1325
4033
2174
6557
7242
3262
6600
3502
3585
3669
1739
4977
2732
2673
2801
3792
3442
8167
7077
6885
1817
4461
4360
4378
8359
8307
1308
3992
4535
2409
2422
4461
4240
3704
4092
4186
3798
4334
5508
5496
3522
581
3220
1052
8699
8693
8643
2711
2502
2514
4732
3236
3764
3788
3597
565
671
1831
1554
890
1194
1159
1400
7265
7204
80
1536
6169
3524
3567
3555
3338
4877
87
3533
3587
2438
2295
2644
2734
2726
5401
5722
8891
2545
3904
7174
3503
2841
2812
1484
1705
1791
1714
1684
8698
1591
5083
2027
2476
2349
1524
1349
1179
1895
2993
11500
4333
2378
517
1907
2193
1629
1586
4239
1749
1738
1200
1070
739
2397
1037
842
1275
774
786
786
661
774
1914
2949
873
8186
8365
8407
4847
5365
1060
962
1700
1264
1826
4967
10781
1509
2032
2219
1471
2935
1173
3616
1407
4965
6258
1833
1639
5200
3377
2916
1099
1866
1684
1565
1903
2238
2310
2027
1980
2000
1578
3507
5692
4652
5491
1082
5431
2100
1990
2641
2506
2850
2929
2419
3037
2502
3009
3377
6286
1818
3179
3158
1368
2130
1578
3507
5692
4652
5491
1070
786
661
3711
786
786
4824
4291
3847
786
3847
786
786
589
668
1108
12268
1344
1811
786
786
661
1209
1119
964
1175
1126
1272
1001
2182
1813
458
397
397
508
508
535
535
583
535
535
508
508
397
397
2224
438
449
859
4427
1999
2876
2365
6424
2832
1621
3136
3336
3460
1752
1724
2272
2100
1935
2197
2025
2136
533
1747
506
941
2479
7829
2391
2235
1778
2154
4220
2908
87
4088
3630
3839
1243
1156
1107
1292
2869
2918
2733
758
3176
1891
1913
3964
4115
1818
4909
4863
4860
4468
4465
1498
2515
2555
1838
2851
2250
2062
2151
2186
2985
2422
2170
2030
3052
3189
2160
1962
3921
4042
3945
1955
1180
1843
2457
2092
2043
1993
1332
1330
3823
3635
3701
3783
1341
4517
4136
3945
4264
2949
3629
3622
1717
932
6170
6358
6618
6458
6645
5122
3048
3124
97
7097
5606
5365
5047
460
1299
857
892
2343
2854
2719
2829
2608
3077
3046
1715
765
1152
5177
1058
597
3606
6902
3572
9626
12750
9125
1916
821
697
613
612
426
289
271
611
615
613
594
389
909
2525
599
1181
432
697
1140
626
644
772
2137
768
643
657
904
989
621
684
679
664
680
658
680
652
525
1231
1231
1180
1842
580
469
526
4282
483
442
686
714
568
515
741
965
1071
1064
615
554
692
586
901
597
2169
1845
2172
1039
1626
4207
4512
2423
7487
5716
2692
2432
1767
1847
1579
1827
1553
1613
1579
1161
355
5464
5922
4547
3220
3220
4547
7106
80
391
1747
1802
1905
3435
4016
1186
1042
1797
1528
5886
5829
2044
5924
6189
2344
2541
3236
5724
6686
6551
6608
6555
6724
13028
13074
11949
1304
3207
3183
3179
3182
3179
3493
3490
819
927
92
1917
2246
1879
1803
651
3628
3708
3853
4025
3783
3708
2434
2238
2314
1190
1605
2770
2914
2917
2841
2987
2990
1095
1115
1261
1787
1504
1571
1349
1224
1186
518
387
552
3152
841
1002
1044
1107
1154
1213
1847
1083
1090
868
1159
970
1110
922
1029
959
1240
1820
1116
1186
97
3252
3224
2890
3235
1640
1556
2049
2335
2410
2184
2576
2595
3202
2911
1502
1581
2150
3725
3036
3054
1547
1348
1205
1369
1492
1308
3177
3495
2516
2069
11802
97
1084
1965
2454
3084
2597
2707
2753
2564
2746
2699
2689
2831
2772
3024
2673
1965
2162
1944
2065
2134
2538
7669
4758
5284
3431
2959
135
130
1147
4129
4201
4204
1130
3518
685
594
1090
6126
3146
2080
3237
3234
3318
3309
3002
3636
1008
1127
799
811
1133
1066
947
549
2124
1824
4585
2230
2205
1591
1015
2235
2284
2121
2005
754
1825
1963
1899
1949
1924
886
90
5886
6090
2016
1127
2163
2089
1778
3484
2866
5561
1060
1048
2054
2277
1791
892
933
2393
2179
2204
2130
1653
1683
1531
1622
1439
2588
4215
2672
2653
4889
1986
6930
6809
115
1982
2007
311
1415
5397
5407
3471
3034
2601
3106
2981
3109
2243
3627
838
3790
2101
2598
1402
1852
2019
2087
1651
1825
1389
1922
1816
1450
1518
2123
1554
1353
946
940
943
1009
979
955
982
943
8069
976
949
1033
940
955
1674
1949
1976
2075
2102
2745
2745
1490
3708
3568
3298
2010
1243
1171
991
1090
931
933
2017
688
1953
3305
2507
1825
1807
1365
4065
4017
750
1160
886
1141
4323
5308
3032
2311
2210
5480
3869
891
1969
2473
4122
4197
3897
1714
1481
3625
3677
3590
3566
5699
5672
1207
2952
2561
5360
2420
2604
2754
2751
7892
8287
8235
8136
2008
1130
1523
2664
2467
1411
2242
2534
2519
1190
1158
4840
590
466
675
1808
1777
4437
3805
3511
1112
1093
1323
1342
646
1525
2134
1756
1526
2304
2366
2332
1128
2226
2368
1720
1781
2402
2423
2352
4341
2056
2079
596
477
2688
1287
1248
1390
1264
1402
1272
1131
1249
1251
1118
1110
1122
977
1417
1095
1427
1961
2858
2755
2697
2693
779
2436
2433
2653
2159
2177
2313
2310
2156
1517
2494
2147
2392
2147
2169
2166
2111
2108
1549
2082
1642
2369
2350
1947
1928
1796
1774
1255
7562
3168
4474
4459
77
96
5561
1176
987
4128
2539
8202
8543
8453
2337
3182
3263
1528
1556
3486
3376
2928
3060
5932
5818
5757
5944
1489
1857
2003
6912
4156
6798
1967
3365
3554
2205
787
1759
1124
1524
2511
1214
4677
4375
4400
4477
4927
57
1483
57
1369
3858
2255
8137
1743
2800
4039
13731
13921
13966
14054
1689
1686
2029
2998
4563
5016
4912
5454
4996
2397
2160
2226
3426
3547
3641
3365
2684
3038
854
864
1851
2830
99
2445
568
1370
1732
958
2206
1635
1600
2324
1872
3642
9204
3188
2213
2451
3889
1444
3387
3328
3491
4126
2884
3182
3017
942
86
86
1729
2592
2588
1711
4003
4076
3187
2272
2079
2096
80
2132
5191
2135
2149
2430
10418
2048
2862
5163
5160
3090
3415
2947
7652
7665
6253
111
82
111
992
1502
1479
5679
5488
1863
751
3496
5622
1675
4455
2677
633
3476
2542
2152
2681
3365
695
644
44
78
72
82
55
62
62
82
61
73
1374
2305
1606
11015
3031
1473
6865
732
807
6255
2881
3066
2148
2240
5027
4648
4726
4588
4513
5213
2794
2721
145
6943
4375
7337
3907
84
3566
4050
2984
2340
10899
9835
1037
906
930
847
2580
87
5853
3552
5954
2128
11952
11580
11867
11644
12239
11931
12175
2150
6878
6811
6938
6855
3668
1879
3651
3973
3810
3686
2492
2914
7918
8338
7077
3817
13494
3328
2596
2717
1885
2662
1624
78
8315
8511
4164
4543
7590
7732
7867
7484
2343
262
15006
14948
15136
3651
4728
4371
4073
2501
742
3782
4248
2437
1491
919
789
2880
2001
2794
1867
3038
4564
4702
2375
7917
4544
5646
5459
5571
2459
6066
5948
5810
4802
2265
2182
2427
2291
1986
5132
2780
5194
1820
2081
1963
10314
6652
6940
3558
4030
4422
3814
3865
4212
670
18319
86
4776
4652
5057
4933
9757
3910
3813
3840
885
1193
1214
4503
2946
2892
2221
2150
1798
1408
1569
1528
1355
5116
5119
1502
1578
1922
2654
3256
2090
3250
2102
2049
1138
755
980
5956
82
3550
5937
70
1834
4149
1462
1646
1303
1446
2188
2191
1041
2838
2229
10916
6160
8484
5018
4680
8400
2361
2211
686
2084
2520
4142
683
636
1109
4877
5363
607
111
111
4913
5052
989
1422
3523
7307
2328
7368
1087
4151
4215
9359
9935
9319
9975
6212
1545
11834
5462
5398
1169
1148
1128
1138
2849
6151
1518
1988
1944
1962
1924
690
13053
11710
93
11440
1380
1658
3970
1665
2424
3142
3256
2461
1802
1733
3274
3597
3729
3782
2936
4117
3476
3363
3057
915
11132
1722
1836
9657
9475
8603
7622
7612
6410
1094
2324
3229
3350
2183
2136
1652
1878
2228
1697
5062
1747
2767
2923
1817
1847
2548
2260
2318
2390
2558
2745
2713
2989
5822
5812
1452
8763
8942
126
1276
3283
3012
4798
2941
1552
1520
4087
2618
1475
717
888
7422
1291
5277
7640
10088
10019
9102
9937
3209
3196
10164
10148
2507
2526
10364
9970
7693
1333
4366
4311
4425
7922
7786
4009
3345
3408
2506
2785
823
777
699
843
967
98
3200
3208
3118
2364
4098
11154
3031
3387
6471
3314
3059
3426
3213
4865
2196
2597
4643
4819
1871
1775
1671
2094
2237
5991
3400
5994
3496
3382
3376
3626
3509
3519
2112
1738
2170
2265
2990
3527
1634
1038
1839
1239
1986
1626
1826
1983
3093
2818
2756
4286
2791
1906
1988
5319
5506
6267
3544
7088
956
959
1121
1118
958
2255
2806
2925
4012
4190
10013
8655
1849
3178
3313
3407
3267
3221
3156
3315
3361
89
82
4219
2819
2624
11475
894
111
2483
4329
4084
4058
68
965
1447
1469
1466
2268
1563
4263
4514
8498
5193
5071
5135
5219
5013
4948
802
2012
3174
3587
3653
3518
3457
3642
8036
8117
4484
4241
1875
4283
3987
4012
3987
764
4266
4269
2020
1726
2151
1944
7790
4557
4592
4497
4515
4409
4427
74
3141
2673
134
2130
1970
891
953
1926
2079
2056
2391
2040
2001
2333
984
13227
13141
2619
2534
2585
2595
2598
507
690
944
5949
4343
3996
4282
4658
4206
4169
3564
1906
3076
1697
13462
10316
3604
3281
3405
3949
18955
6337
5328
5250
5253
5372
4766
5614
4836
5706
5115
5234
5271
5551
5400
5547
5446
5290
2346
1246
7776
5962
5877
1632
1897
75
2858
5047
2470
3572
111
86
7364
79
132
1538
5294
2974
1581
2250
2282
4494
2680
1825
2249
2583
1807
1978
1925
8151
3016
1694
1351
4934
4273
3036
1102
2099
2118
3287
3509
4675
4808
5454
5257
2066
2674
2873
2948
2622
139
628
6886
6838
86
2378
13872
2008
1111
3827
3837
13187
13123
1499
1624
1671
1840
4478
1630
1700
2090
2191
4016
1066
1046
3573
701
3343
4008
7709
6170
2308
2311
2939
10542
10298
8586
8558
260
2216
2380
2601
2553
2372
1248
1244
2976
1893
1978
1990
2012
80
1298
694
733
692
689
871
582
650
762
937
1163
997
910
911
2383
7907
20483
24135
2697
2056
2092
1788
482
497
453
80
3137
3833
2474
4375
1851
1123
5125
1499
4196
3870
3119
4143
5623
4475
3178
2975
2978
2586
2382
2503
3765
3547
3825
3148
3312
1451
1500
98
8532
1442
2696
5098
2805
3842
7102
763
2619
3059
3307
3442
3467
3571
7689
2577
2655
599
6705
2976
2228
7073
1797
1558
1868
2837
1710
2710
2788
7170
2285
2610
2626
2370
2666
2770
2720
2914
2685
2639
7007
3893
6509
5456
907
6851
5819
2164
69
2899
74
701
648
5160
2863
4617
4665
2272
3796
3390
136
1864
1726
910
5970
6091
5832
84
2748
2818
1927
1975
4732
4871
4984
5110
13529
62
5901
2049
5070
2778
2897
6161
1441
6164
6291
6220
8529
4549
10591
16470
3137
2487
1533
2750
955
6447
4185
2458
76
1877
5281
2636
7067
4397
3478
3208
3206
1196
2865
3316
3028
3852
7204
6909
6831
2635
81
1748
7095
1589
1811
3877
4198
584
2795
3057
3216
3061
4097
2620
5047
6860
6803
1248
4239
3693
1185
3779
7302
1475
1647
967
1794
2554
5244
2487
1125
8667
1126
964
960
3381
4199
4202
1726
1984
2259
2258
1678
95
1075
2437
3860
4329
4466
4466
4294
4122
955
1343
1917
2744
2620
955
931
925
928
946
931
970
5162
946
940
1887
940
1009
926
1135
940
646
940
1045
940
937
964
964
940
940
1048
928
1111
976
958
949
952
949
958
940
952
973
955
937
436
3189
68
2940
1756
1989
2205
2712
2035
