#NM_001389|len=7142
0,1,2,3,4,5,6,7,8,9,10,11,12,13,14,15,16,17,18,19,20,21,22,23,24,25,26,27,28,29,30,31,32
#NR_027790|len=3483
33,34,35,36,37,38,39,40
#NR_027791|len=3284
41,36,42,37,38,40
#NM_001204301|len=3596
43,44,45,46,47,48,49,50,51,52,53,54,55,56,57,58,59
#NM_001136016|len=3574
43,44,45,60,46,47,48,49,50,51,53,54,55,56,57,58,61
#NM_000484|len=3651
43,44,45,60,46,47,48,49,50,51,52,53,54,55,56,57,58,59
#NM_001136129|len=3255
43,44,45,60,46,47,48,49,50,51,54,55,56,57,59
#NM_001136130|len=3482
43,44,45,60,46,47,48,49,50,51,52,53,54,55,56,57,59
#NM_001204302|len=3538
43,44,45,46,47,48,49,50,51,53,54,55,56,57,58,59
#NM_201413|len=3593
43,44,45,60,46,47,48,49,50,51,53,54,55,56,57,58,59
#NM_201414|len=3424
43,44,45,60,46,47,48,49,50,51,54,55,56,57,58,59
#NM_001136131|len=3311
43,44,45,60,46,47,48,49,50,51,54,55,56,57,58,62
#NM_007038|len=9671
63,64,65,66,67,68,69,70
#NM_001001992|len=2988
71,72,73,74,75,76,77,78,79,80,81,82,83,84,85,86,87,88
#NM_001032410|len=3055
71,89,72,73,74,75,90,77,78,79,80,81,82,83,84,85,86,87,88
#NM_006447|len=2991
71,72,73,74,75,90,77,78,79,80,81,82,83,84,85,86,87,88
#NM_003253|len=7227
91,92,93,94,95,96,97,98,99,100,101,102,103,104,105,106,107,108,109,110,111,112,113,114,115,116,117,118,119
#NM_001204303|len=3369
43,44,45,46,47,48,49,50,51,54,55,56,57,58,59
#NM_000874|len=1420
120,121,122,123,124,125,126,127,128
#NM_207584|len=1374
120,129,122,123,124,125,126,127,128
#NM_207585|len=2900
120,129,122,123,124,125,126,127,130
#NM_015358|len=4263
131,132,133,134,135,136,137,138,139,140,141,142,143,144,145,146,147
#NM_101395|len=5530
148,149,150,151,152,153,154,155,156,157,158,159,160
#NM_130436|len=6591
161,151,162,153,154,155,156,157,158,163,160
#NM_130438|len=5098
150,151,152,153,154,155,156,157,158,160
#NM_001396|len=5223
164,151,152,153,154,155,156,157,158,163,160
#NM_001136155|len=4730
165,166,167,168,169,170,171,172,173
#NM_182918|len=4949
165,166,167,168,169,170,171,172,174,173
#NM_001136154|len=5120
165,166,167,168,169,170,171,172,174,175,176,177
#NM_004449|len=5047
165,166,167,168,170,171,172,174,175,176,177
#NM_015056|len=5103
178,179,180,181,182,183,184,185,186,187,188,189,190,191,192,193
#NM_001033515|len=1603
194,195,196,197
#NR_026916|len=3430
198,199,200,201,202,203,204,205,206,207,208,209
#NR_027270|len=1095
210,211,212,213,214,215
#NM_144770|len=1972
216,217,218,219,220
#NM_022136|len=1896
221,222,223,224,225,226,227,228
#NM_003489|len=7560
229,230,231,232
#NM_013396|len=4992
233,234,235,236,237,238,239,240,241,242,243,244,245,246,247,248,249,250,251,252,253,254,255,256
#NM_001204175|len=2142
257,258,259,260,261,262
#NM_001204176|len=2243
257,263,258,259,260,261,262
#NM_001204177|len=2038
257,258,259,260,262
#NM_001204178|len=2139
257,263,258,259,260,262
#NM_002772|len=3969
264,265,266,267,268,269,270,271,272,273,274,275,276,277,278,279,280,281,282,283,284,285,286,287,288
#NR_024090|len=2022
289,290,291,292,293,294,295,296
#NM_004540|len=5020
297,298,299,300,301,302,303,304,305,306,307,308,309,310,311,312,313,314
#NM_001197297|len=4753
315,316,317,318,319,320,321,322,323,324
#NM_002040|len=5190
325,316,317,318,319,320,321,322,323,324
#NM_052954|len=3083
326,327,328,329
#NR_024357|len=528
330,331,332,333
#NM_020152|len=2004
334,335,336,337,338,339,340,341,342
#NM_175611|len=3495
343,344,345,346,347,348,349,350,351,352,353,354,355,356,357,358
#NM_000830|len=3248
359,344,345,346,347,348,349,350,360,351,352,353,354,355,356,357,358
#NM_199328|len=2147
361
#NM_014586|len=7396
362,363,364,365,366,367,368,369,370,371,372
#NM_003895|len=7107
373,374,375,376,377,378,379,380,381,382,383,384,385,386,387,388,389,390,391,392,393,394,395,396,397,398,399,400,401,402,403,404
#NM_001160302|len=7091
373,405,374,375,376,377,379,380,381,382,383,384,385,386,387,388,389,390,391,392,393,394,395,396,397,398,399,400,401,402,403,406
#NM_001160306|len=6970
373,374,375,376,380,381,382,383,384,385,386,387,388,389,390,391,407,394,395,396,397,398,399,400,401,402,403,406
#NM_206898|len=631
408,409,410,411,412
#NM_014825|len=10847
413,414,415,416,417,418,419,420,421,422,423,424,425,426,427,428,429,430,431,432,433,434,435,436,437,438,439,440,441,442,443,444,445,446,447,448,449,450,451
#NM_058187|len=1941
452,453,454,455,456,457,458,459
#NM_144659|len=2702
460,461,462,463,464
#NM_203446|len=7132
373,405,374,375,376,377,378,379,380,381,382,383,384,385,386,387,388,389,390,391,392,393,394,395,396,397,398,399,400,401,402,403,404
#NM_145858|len=1723
465,466,467,468,469,470,471,472,473,474,475,476,477
#NM_001001132|len=5471
478,479,480,481,482,483,484,485,486,487,488,489,490,491,492,493,494,495,496,497,498,499,500,501,502,503,504,505,506,507
#NM_003024|len=6479
478,479,480,481,482,483,484,485,486,487,488,489,490,491,492,493,494,495,496,497,498,499,500,501,502,503,504,505,506,508,509,510,511,512,513,514,515,516,517,518
#NM_203417|len=2278
519,520,521,522
#NM_004414|len=2433
519,520,521,523
#NM_053277|len=3806
524,525,526,527,528,529
#NM_001001890|len=7280
530,531,532,533,534,535
#NM_001754|len=5976
530,531,532,533,534,536,537,538,539
#NM_005128|len=7716
540,541,542,543,544,545,546,547,548,549,550,551,552,553,554,555,556,557,558,559,560,561,562,563,564,565,566,567,568,569,570,571,572,573,574,575,576
#NM_001146078|len=1332
577,578,579
#NM_001146077|len=1455
577,578,580
#NM_000411|len=6022
581,582,583,584,585,586,587,588,589,590,591,592
#NM_001001894|len=7762
593,594,595,596,597,598,599,600,601,602,603,604,605,606,607,608,609,610,611,612,613,614,615,616,617,618,619,620,621,622,623,624,625,626,627,628,629,630,631,632,633,634,635,636,637,638
#NM_003316|len=9053
639,594,595,596,597,598,599,600,601,602,603,604,605,606,607,608,609,610,611,612,613,614,615,616,617,618,619,620,621,622,623,624,625,626,627,628,629,630,631,632,633,634,635,636,637,638
#NM_002240|len=2488
640,641,642,643
#NM_005867|len=1101
644,645,646
#NM_001146218|len=1468
647,648,649,650,651
#NM_018963|len=8692
652,653,654,655,656,657,658,659,660,661,662,663,664,665,666,667,668,669,670,671,672,673,674,675,676,677,678,679,680,681,682,683,684,685,686,687,688,689,690,691,692,693
#NM_033656|len=13027
694,654,655,656,657,658,659,660,661,662,663,664,665,666,667,668,669,670,671,672,673,674,675,676,677,678,679,680,681,682,683,684,685,686,687,688,689,690,691,692,693
#NM_004627|len=1578
695,648,649,650,651
#NM_001080444|len=2075
696,697,698,699,700,701,702,703,704
#NM_006198|len=559
705,706,707
#NM_001135099|len=3256
708,709,710,711,712,713,714,715,716,717,718,719,720,721
#NM_012105|len=3002
722,723,724,725,726,727,728,729,730
#NM_138991|len=2851
722,723,724,725,726,727,729,730
#NM_138992|len=2832
722,723,724,725,726,727,728,730
#NM_058186|len=1392
731,732,733,734,735,736,737,738
#NM_206964|len=1247
731,733,734,735,736,737,738
#NM_005656|len=3218
708,709,710,711,712,713,714,715,716,717,718,719,720,739
#NM_001004416|len=4901
740,741,742,743,744,745,746,747,748,749,750,751,752,753,754,755,756,757,758,759,760,761,762
#NM_001040424|len=6678
763,764,765,766,767,768,769,770,771,772,773,774,775,776,777,778,779,780,781,782,783,784,785,786
#NM_022115|len=4741
787,764,765,766,767,768,769,770,771,772,773,774,775,776,777,778,779,780,781,782,783,788,784,785,789,790,791,792,793,794,795
#NM_001199528|len=5081
796,741,742,743,744,745,746,747,748,749,797,798,752,753,754,755,756,757,758,759,760,761,762
#NM_001199527|len=5464
796,741,742,743,744,745,746,747,748,749,799,752,753,754,755,756,757,758,759,760,761,762
#NM_173568|len=5284
740,741,742,743,744,745,746,747,748,749,799,752,753,754,755,756,757,758,759,760,761,762
#NM_207627|len=3135
800,801,802,803,804,805,806,807,808,809,810,811,812,813,814,815
#NM_207628|len=3054
816,801,817,802,803,804,805,806,807,808,809,810,811,812,813,814,815
#NM_207629|len=2938
818,802,803,804,805,806,807,808,809,810,811,812,813,814,815
#NM_004915|len=3010
819,802,803,804,805,806,807,808,820,810,811,812,813,814,815
#NM_016818|len=2974
819,802,803,804,805,806,807,808,809,810,811,812,813,814,815
#NM_207174|len=2975
821,802,803,804,805,806,807,808,809,810,811,812,813,814,815
#NM_080860|len=1375
822,823,824,825,826,827,828,829,830
#NM_001001567|len=1899
831,832,833,834,835,836,837,838,839,840,841,842,843,844,845,846,847,848,849
#NM_001001568|len=1748
831,834,835,836,837,838,839,840,841,842,843,844,845,846,847,848,849
#NM_001001569|len=1692
831,834,836,837,838,839,840,841,842,843,844,845,846,847,848,849
#NM_001001570|len=1920
831,832,833,850,834,836,837,838,839,840,841,842,843,844,845,846,847,848,849
#NM_001001571|len=1827
831,833,834,835,836,837,838,839,840,841,842,843,844,845,846,847,848,849
#NM_001001572|len=1703
831,835,836,837,838,839,840,841,842,843,844,845,846,847,848,849
#NM_001001573|len=1884
831,851,835,836,837,838,839,840,841,842,843,844,845,846,847,848,849
#NM_001001574|len=1820
831,832,834,835,836,837,838,839,840,841,842,843,844,845,846,847,848,849
#NM_001001575|len=1647
831,836,837,838,839,840,841,842,843,844,845,846,847,848,849
#NM_001001576|len=1606
831,834,836,838,839,840,841,842,843,844,845,846,847,848,849
#NM_001001577|len=1726
831,833,836,837,838,839,840,841,842,843,844,845,846,847,848,849
#NM_001001578|len=1771
831,833,834,836,837,838,839,840,841,842,843,844,845,846,847,848,849
#NM_001001579|len=1764
831,832,834,836,837,838,839,840,841,842,843,844,845,846,847,848,849
#NM_001001580|len=1561
831,836,838,839,840,841,842,843,844,845,846,847,848,849
#NM_001001581|len=1929
831,834,851,835,836,837,838,839,840,841,842,843,844,845,846,847,848,849
#NM_001001582|len=2008
831,833,834,851,835,836,837,838,839,840,841,842,843,844,845,846,847,848,849
#NM_001001583|len=2001
831,832,834,851,835,836,837,838,839,840,841,842,843,844,845,846,847,848,849
#NM_001001584|len=1828
831,834,852,835,836,837,838,839,840,841,842,843,844,845,846,847,848,849
#NM_001001585|len=1952
831,833,834,851,836,837,838,839,840,841,842,843,844,845,846,847,848,849
#NM_002606|len=2080
831,832,833,834,851,835,836,837,838,839,840,841,842,843,844,845,846,847,848,849
#NM_004571|len=4987
853,854,855,856,857,858,859,860,861,862,863
#NM_007031|len=1908
864,865,866,867,868,869,870,871,872
#NR_024108|len=3426
873,874,875,876,877,878,879,880,881,882,883,884,885,886,887,888,889,890,891,892,893,894,895,896,897
#NM_003683|len=1820
898,899,900,901,902,903,904,905,906,907,908,909,910
#NM_020132|len=6565
911,912,913,914,915,916,917,918,919,920
#NM_001037553|len=6444
921,913,914,915,916,917,918,919,920
#NM_003274|len=6992
922,923,924,925,926,927,928,929,930,931,932,933,934,935,936,937,938,939,940,941,942,943,944
#NM_002626|len=2935
945,877,878,879,880,881,882,883,884,885,886,887,888,889,890,891,892,893,894,895,896,946
#NM_144991|len=3979
947,948,949,950,951,952,953,954,955,956,957,958
#NR_027674|len=4950
959,960,961,962,963,964,965,966,967,968,969,970
#NR_027672|len=4014
959,960,961,963,964,965,966,967,968,969,970
#NM_001112|len=6918
959,960,961,962,963,964,965,966,967,968,971
#NM_001160230|len=3480
959,960,961,962,963,964,965,966,967,968,972,970
#NM_015833|len=7039
959,960,961,962,963,964,965,973,966,967,968,971
#NM_015834|len=3601
959,960,961,962,963,964,965,973,966,967,968,972,970
#NR_027673|len=5069
959,960,974,961,962,963,964,965,966,967,968,969,970
#NM_130445|len=5425
975,976,977,978,979,980,981,982,983,984,985,986,987,988,989,990,991,992,993,994,995,996,997,998,999,1000,1001,1002,1003,1004,1005,1006,1007,1008,1009,1010,1011,1012,1013,1014,1015,1016,1017
#NM_030582|len=5936
1018,977,978,979,980,981,982,983,984,985,986,987,988,989,990,991,992,993,994,995,996,997,998,999,1000,1001,1002,1003,1004,1005,1006,1007,1008,1009,1010,1011,1012,1013,1014,1015,1016,1017
#NM_130444|len=6641
1019,977,978,979,980,981,982,983,984,985,986,987,988,989,990,991,992,993,994,995,996,997,998,999,1000,1001,1002,1003,1004,1005,1006,1007,1008,1009,1010,1011,1012,1013,1014,1015,1016,1017
#NM_001146116|len=7316
1020,1021,1022,1023,1024,1025,1026,1027,1028,1029,1030,1031,1032,1033,1034,1035,1036,1037,1038,1039,1040,1041,1042,1043,1044,1045,1046,1047,1048,1049,1050,1051,1052,1053,1054,1055,1056,1057
#NM_001130141|len=1924
1058,1059,1060,1061,1062,1063,1064,1065,1066,1067,1068,1069,1070
#NM_020528|len=2003
1058,1059,1060,1061,1062,1063,1064,1071,1065,1072,1067,1068,1069,1070
#NM_001006114|len=1184
1073,1074,1075
#NM_058181|len=1055
1076,1074,1077,1078,1079
#NM_006031|len=10607
1080,1081,1082,1083,1084,1085,1086,1087,1088,1089,1090,1091,1092,1093,1094,1095,1096,1097,1098,1099,1100,1101,1102,1103,1104,1105,1106,1107,1108,1109,1110,1111,1112,1113,1114,1115,1116,1117,1118,1119,1120,1121,1122,1123,1124,1125,1126
#NM_015151|len=7328
1020,1021,1022,1023,1024,1025,1026,1127,1028,1029,1030,1031,1032,1033,1034,1035,1036,1037,1038,1039,1040,1041,1042,1043,1044,1045,1046,1047,1048,1049,1050,1051,1052,1053,1054,1055,1056,1057
#NM_001146114|len=3634
1020,1023,1024,1025,1026,1127,1028,1029,1030,1031,1032,1033,1034,1035,1036,1037,1038,1039,1040,1041,1042,1043,1044,1045,1046,1047,1048,1128
#NR_037421|len=181
1129
#NR_037458|len=62
1130
#NM_199259|len=2155
1131,1132,1133,1134,1135,1136,1137,1138,1139,1140,1141,1142,1143,1144,1145,1146,1147,1148,1149,1150,1151,1152,1153
#NM_199260|len=2094
1131,1132,1133,1134,1135,1136,1137,1138,1139,1140,1141,1142,1143,1144,1145,1146,1148,1149,1150,1151,1152,1153
#NM_199261|len=2210
1131,1132,1133,1134,1135,1136,1137,1138,1139,1140,1141,1142,1143,1144,1145,1146,1147,1154,1148,1149,1150,1151,1152,1153
#NM_181704|len=1765
1155,1156,1157,1158,1159,1160,1161,1162,1163
#NM_182481|len=1901
1155,1156,1157,1164,1158,1159,1160,1165,1166,1167
#NM_182482|len=1901
1155,1156,1157,1164,1158,1159,1160,1165,1166,1167
#NM_182484|len=1764
1155,1156,1157,1158,1159,1160,1161,1168,1163
#NM_001187|len=956
1169,1170,1171,1168,1172
#NR_036164|len=78
1173
#NM_174981|len=1837
1174,1175,1176,1177,1178,1179,1180,1181,1182,1183,1184
#NR_026755|len=1285
1185,1186,1187,1188,1189,1190
#NM_198996|len=1645
1191,1192,1193,1194,1195,1196,1197,1198,1199,1200
#NR_003088|len=817
1201,1202,1203,1204,1205
#NR_003087|len=2830
1201,1202,1203,1204,1206,1207
#NM_006948|len=3991
1208,1209,1210,1211,1212
#NR_029514|len=82
1213
#NR_029480|len=85
1214
#NR_029694|len=90
1215
#NR_037585|len=721
1216,1217,1218,1219
#NR_037586|len=715
1216,1217,1218,1220
#NM_001338|len=2479
1221,1222,1223,1224,1225,1226,1227
#NM_001130914|len=1600
1228,1229,1230,1231,1232,1233
#NM_006806|len=1467
1228,1229,1231,1232,1233
#NM_001100420|len=5438
1234,1235,1236,1237,1238
#NM_001100421|len=5374
1234,1236,1237,1238
#NM_017447|len=5435
1239,1235,1236,1237,1238
#NR_024354|len=464
1240,1241,1242
#NM_024944|len=2551
1243,258,259,260,261,262
#NM_001204174|len=2176
1244,258,259,260,261,262
#NR_024027|len=1481
1245,1246,1247,1248,1249
#NR_001458|len=1477
1250,1251,1252
#NR_030784|len=66
1253
#NR_024092|len=451
1254
#NM_017446|len=1092
1255,1256,1257,1258,1259,1260,1261,1262,1263,1264
#NM_080794|len=1182
1255,1265,1256,1257,1258,1259,1260,1261,1262,1263,1264
#NM_021219|len=1703
1266,1267,1268,1269,1270,1271,1272,1273,1274,1275
#NM_001003696|len=838
1276,1277,1278,1279
#NM_001003697|len=666
1276,1277,1278,1280
#NM_001003701|len=1214
1276,1277,1278,1281
#NM_001003703|len=1300
1276,1277,1278,1282
#NM_001685|len=1164
1276,1277,1278,1283
#NM_006988|len=4660
1284,1285,1286,1287,1288,1289,1290,1291,1292
#NR_027246|len=585
1293,1294
#NR_026552|len=872
1295,1296
#NR_026553|len=516
1297,1296
#NM_013240|len=4871
1298,1299,1300,1301,1302,1303
#NM_182749|len=4786
1298,1299,1301,1302,1303
#NM_016940|len=1710
1304,1305,1306,1307,1308
#NM_015565|len=7786
1309,1310,1311,1312,1313,1314,1315,1316,1317,1318,1319,1320,1321,1322,1323,1324,1325,1326,1327,1328,1329,1330,1331,1332,1333,1334,1335,1336,1337,1338
#NM_006585|len=1909
1339,1340,1341,1342,1343,1344,1345,1346,1347,1348,1349,1350,1351,1352,1353
#NR_027072|len=668
1354,1355,1356,1357
#NR_027655|len=2751
1358,1359,1360,1361,1362,1363,1364,1365
#NM_001186|len=5646
1366,1359,1360,1361,1367
#NM_206866|len=5774
1368,1359,1360,1361,1367
#NR_033368|len=1076
1369,1370,1371
#NR_027021|len=1098
1372,1373,1374,1375,1376
#NM_012131|len=732
1377
#NM_001085455|len=1651
1378
#NM_001128598|len=371
1379
#NM_203405|len=1159
1380
#NM_001077711|len=683
1381
#NM_181624|len=209
1382
#NM_181621|len=850
1383
#NR_036221|len=86
1384
#NM_181599|len=748
1385
#NM_181622|len=521
1386
#NM_181600|len=484
1387
#NM_181623|len=454
1388
#NM_181607|len=274
1389
#NM_181608|len=160
1390
#NM_181609|len=495
1391
#NM_181610|len=256
1392
#NM_181611|len=220
1393
#NM_181612|len=329
1394
#NM_181614|len=193
1395
#NM_001164434|len=294
1396
#NM_181605|len=617
1397
#NM_181604|len=190
1398
#NM_181620|len=148
1399
#NM_001164435|len=254
1400
#NM_181602|len=220
1401
#NM_181615|len=172
1402
#NR_023342|len=225
1403
#NM_181616|len=199
1404
#NM_001128077|len=274
1405
#NM_181617|len=253
1406
#NM_181619|len=241
1407
#NM_175857|len=557
1408
#NM_181606|len=695
1409
#NM_175858|len=912
1410
#NM_001099219|len=319
1411
#NM_001145444|len=4243
1412,1413,1414,1415,1416,1417,1418,1419,1420,1421,1422,1423,1424,1425,1426,1427,1428,1429,1430
#NM_000454|len=970
1431,1432,1433,1434,1435
#NM_001145445|len=4223
1412,1436,1414,1415,1416,1417,1418,1419,1420,1421,1422,1423,1424,1425,1426,1427,1428,1437,1429,1430
#NM_020706|len=4289
1412,1413,1414,1415,1416,1417,1418,1419,1420,1421,1422,1423,1424,1425,1426,1427,1428,1437,1429,1430
#NR_024352|len=394
1438,1439,1440
#NR_038033|len=131
1441,1439
#NM_018944|len=1576
1442,1443,1444,1445,1446
#NM_178817|len=1003
408,409,410,411,1447
#NR_002996|len=137
1448
#NR_026845|len=826
1449
#NR_036552|len=1360
1450,1451,1452,1453,1454,1455
#NM_021254|len=1434
1450,1451,1452,1453,1456,1454,1457
#NM_001162496|len=3967
1458,1459
#NM_001162495|len=4125
1458,1460,1461,1459
#NM_016631|len=4013
1462,1463,1464,1465,1466,1467,1468,1469,1470,1471,1472,1473,1474,1475,1476,1477,1478,1479
#NM_013329|len=2824
1480,1465,1466,1467,1468,1469,1470,1471,1472,1473,1474,1475,1476,1477,1478,1479
#NR_024622|len=1206
1481,1482,1483,1484
#NR_024623|len=1194
1485,1482,1483,1484
#NR_027873|len=4030
1462,1463,1464,1465,1466,1467,1468,1469,1470,1471,1486,1473,1474,1475,1476,1477,1478,1479
#NM_019596|len=4049
1458,1461,1459
#NM_005806|len=2490
1487,1488
#NM_138983|len=2280
1489
#NR_024102|len=599
1490,1491,1492,1493
#NM_000628|len=1942
1494,1495,1496,1497,1498,1499,1500
#NM_000629|len=6105
1501,1502,1503,1504,1505,1506,1507,1508,1509,1510,1511
#NM_005534|len=2228
1512,1513,1514,1515,1516,1517,1518
#NM_006134|len=2339
1519,1520,1521,1522,1523,1524,1525
#NM_017833|len=1914
1526,1527
#NM_001040192|len=1611
1526,1528
#NM_000819|len=3383
1529,1530,1531,1532,1533,1534,1535,1536,1537,1538,1539,1540,1541,1542,1543,1544,1545,1546,1547,1548,1549,1550
#NM_001136005|len=3559
1529,1530,1531,1532,1533,1534,1535,1536,1537,1538,1539,1540,1541,1542,1543,1544,1545,1546,1547,1548,1551,1552
#NM_001136006|len=3522
1529,1530,1531,1532,1533,1534,1535,1536,1537,1538,1539,1540,1541,1542,1543,1544,1545,1546,1547,1548,1549,1553
#NM_175085|len=2204
1554,1541,1542,1543,1544,1545,1546,1547,1548,1549,1550
#NM_032195|len=7504
1555,1556,1557,1558,1559,1560,1561
#NM_138927|len=8424
1555,1556,1557,1558,1559,1560,1562,1563,1564,1565,1566,1567
#NM_017613|len=2180
1568,1569,1570,1571,1572,1573,1574,1575,1576,1577
#NM_001697|len=813
1578,1579,1580,1581,1582,1583,1584
#NM_032476|len=993
1585,1586,1587
#NM_006933|len=11578
1588,1589
#NR_027267|len=657
1590,1591
#NR_027266|len=1271
1590,1592
#NM_172201|len=805
1593,1594
#NM_058182|len=904
1595,1596,1597,1598
#NM_001127670|len=3377
1599,1600
#NM_001127668|len=3185
1599,1601,1602
#NM_001127669|len=3157
1599,1603,1602
#NM_000219|len=3324
1599,1601,1604
#NM_203418|len=2410
519,520,521,1605
#NR_024351|len=700
1606,1607,1608,1609,1610,1611
#NM_001122607|len=2727
1612,532,533,534,535
#NR_026812|len=1492
1613
#NR_030414|len=95
1614
#NM_017438|len=2995
1615,1616,1617,1618,1619,1620,1621,1622,1623,1624,1625,1626
#NM_001007259|len=1123
1627,1621,1622,1623,1624,1628,1629
#NM_001757|len=1248
1630,1631,1632
#NM_001236|len=1115
1633,1634,1635
#NM_005441|len=2293
1636,1637,1638,1639,1640,1641,1642,1643,1644,1645,1646,1647,1648,1649
#NM_012130|len=1218
577,1650
#NM_001146079|len=1753
577,1651
#NM_144492|len=1944
577,1652,1651
#NM_009586|len=2424
1653,1654,1655,1656,1657,1658,1659,1660,1661,1662
#NM_005069|len=4188
1653,1654,1655,1656,1657,1658,1659,1660,1661,1663,1664
#NM_018962|len=2238
1665,1666,1667,1668
#NM_153681|len=915
1669,1670,1671,1672
#NM_153682|len=809
1669,1670,1671,1673,1674
#NR_028352|len=976
1669,1670,1671,1675,1673,1674
#NR_026719|len=460
1676,1677
#NM_006052|len=3259
1678,1679,1680,1681,1682,1683,1684,1685
#NR_026838|len=817
1686,1687,1688,1689
#NR_026839|len=719
1686,1687,1689
#NR_026840|len=578
1686,1690,1691,1689
#NR_026841|len=560
1686,1690,1688,1689
#NR_026842|len=462
1686,1690,1689
#NR_027695|len=863
1692,1693,1694
#NM_002243|len=2869
1695,1696,1697,1698
#NM_170736|len=2920
1699,1697,1698
#NM_170737|len=2733
1700,1697,1698
#NR_027067|len=647
1701,1702,1703,1704
#NR_027066|len=895
1705,1702,1706,1707,1708,1709
#NR_027065|len=859
1705,1702,1706,1707,1703,1710,1711
#NM_005239|len=3681
1712,1713,1714,1715,1716,1717,1718,1719,1720,1721
#NM_003720|len=1135
1722,1723,1724,1725,1726,1727,1728
#NM_203433|len=1071
1722,1723,1724,1726,1727,1728
#NM_001007246|len=2486
1729,690,691,692,693
#NR_033800|len=1029
1730
#NM_004965|len=1310
1731,1732,1733,1734,1735,1736
#NM_152505|len=2374
1737,1738,1739,1740,1741,1742,1743,1744,1745,1746
#NM_001001713|len=1005
1747,1748,1749,1750,1751,1752,1753
#NM_007341|len=1234
1754,1748,1749,1750,1751,1752,1753
#NR_026542|len=1454
1755,1756,1757
#NR_026543|len=1353
1758,1756,1757
#NM_006057|len=2765
1759,1760,1761
#NM_033170|len=2632
1762,1760,1761
#NM_033171|len=2875
1759,1763,1760,1761
#NM_033172|len=2714
1759,1763,1761
#NM_033173|len=3411
1759,1764
#NR_024100|len=2021
1765,1766
#NR_036167|len=74
1767
#NM_182832|len=10010
1768
#NM_002463|len=2975
1769,1770,1771,1772,1773,1774,1775,1776,1777,1778,1779,1780,1781,1782
#NM_001144925|len=3411
1783,1784,1785,1786,1787,1788,1789,1790,1791,1792,1793,1794,1795,1796,1797,1798,1799,1800,1801
#NM_002462|len=2983
1802,1786,1787,1788,1789,1790,1791,1792,1793,1794,1795,1796,1797,1798,1799,1800,1801
#NM_001178046|len=2681
1803,1787,1789,1790,1791,1792,1793,1794,1795,1796,1797,1798,1799,1800,1801
#NR_024367|len=457
1804,1805,1806
#NR_027272|len=2039
1807,1808,1809,1810,1811,1812
#NR_024028|len=527
1813,1814,1815
#NM_020639|len=3880
1816,1817,1818,1819,1820,1821,1822,1823
#NM_199050|len=5859
1824,1825,1826,1827,1828,1829,1830,1831,1832,1833,1834,1835,1836
#NM_015500|len=6361
1824,1825,1826,1827,1828,1829,1830,1831,1832,1833,1834,1835,1837,1838
#NM_001098402|len=7482
1839,1840,1841
#NM_001098403|len=6880
1842,1843,1840,1841
#NM_020727|len=7416
1839,1841
#NR_027273|len=1075
1844,1845
#NR_027243|len=2143
1846,1847
#NM_005423|len=711
1848,1849,1850,1851
#NM_003226|len=1057
1852,1853,1854
#NM_003225|len=495
1855,1856,1857
#NR_027348|len=2144
1858,1859,1860,1861,1862,1863,1864,1865,1866,1867
#NM_024022|len=2454
1858,1859,1860,1861,1862,1863,1864,1865,1866,1868,1869,1870,1871
#NM_032405|len=1351
1872,1863,1864,1865,1866,1868,1869,1870,1871
#NM_001001895|len=2392
1873,1874,1875,1876,1877,1878,1879,1880,1881,1882,1883,1884,1885,1886
#NM_018961|len=2507
1873,1874,1875,1876,1887,1877,1878,1879,1880,1881,1882,1883,1884,1885,1886
#NM_018964|len=3115
1888,1889,1890,1891,1892,1893,1894,1895,1896,1897,1898,1899,1900,1901,1902,1903,1904,1905,1906,1907,1908
#NM_033661|len=1520
1909,1910,1911,1912,1913,1914,1915,1916,1917,1918,1919,1920
#NM_018669|len=2146
1921,1911,1912,1913,1914,1915,1916,1917,1918,1919,1920
#NM_001001503|len=1038
1922,1923,1924
#NM_021075|len=2134
1922,1923,1925,1924
#NM_000071|len=2607
1926,1927,1928,1929,1930,1931,1932,1933,1934,1935,1936,1937,1938,1939,1940,1941,1942
#NM_001178008|len=2584
1926,1927,1928,1929,1930,1931,1932,1933,1934,1935,1936,1937,1938,1939,1940,1941,1943
#NM_001178009|len=2371
1944,1945,1927,1928,1929,1930,1931,1932,1933,1934,1935,1936,1937,1938,1939,1940,1941,1943
#NM_001025203|len=961
1946,1947,1948,1949,1950,1951,1952,1953
#NM_001025204|len=1029
1946,1947,1948,1949,1950,1954,1951,1952,1953
#NM_006758|len=961
1946,1947,1948,1949,1950,1954,1952,1953
#NM_000394|len=1117
1955,1956,1957
#NM_173354|len=4717
1958,1959,1960,1961,1962,1963,1964,1965,1966,1967,1968,1969,1970,1971
#NR_026960|len=3005
1972,1973,1974
#NR_026863|len=583
1975,1976,1977,1978
#NM_003681|len=7392
1979,1980,1981,1982,1983,1984,1985,1986,1987,1988,1989
#NM_000100|len=661
1990,1991,1992
#NR_026961|len=4600
1993,1994
#NM_005049|len=3281
1995,1996,1997,1998,1999,2000,2001,2002,2003,2004,2005,2006,2007,2008,2009,2010,2011,2012,2013,2014,2015
#NM_004649|len=1674
2016,2017,2018,2019,2020,2021,2022
#NM_198155|len=1580
2016,2017,2018,2019,2021,2022
#NM_015259|len=3245
2023,2024,2025,2026,2027,2028,2029
#NM_013369|len=1717
2030,2031,2032,2033,2034,2035,2036,2037,2038,2039,2040,2041
#NM_175867|len=1714
2042,2031,2032,2033,2034,2035,2036,2037,2038,2039,2040,2041
#NM_000383|len=2271
2043,2044,2045,2046,2047,2048,2049,2050,2051,2052,2053,2054,2055,2056
#NM_000658|len=1970
2057,2051,2052,2053,2054,2055,2058
#NM_004928|len=2240
2059,2060,2061,2062,2063,2064,2065
#NM_003307|len=5908
2066,2067,2068,2069,2070,2071,2072,2073,2074,2075,2076,2077,2078,2079,2080,2081,2082,2083,2084,2085,2086,2087,2088,2089,2090,2091,2092,2093,2094,2095,2096,2097
#NM_030891|len=2507
2098,2099
#NR_026547|len=1048
2100,2101,2102
#NR_026548|len=973
2100,2102
#NM_198691|len=1012
2103
#NM_198693|len=1072
2104
#NM_198696|len=739
2105
#NM_198687|len=1383
2106
#NM_198694|len=919
2107
#NM_198688|len=1239
2108
#NM_198689|len=1582
2109,2110
#NM_198695|len=877
2111
#NM_198690|len=1257
2112
#NM_181688|len=1101
2113
#NM_198692|len=1237
2114
#NM_198698|len=448
2115
#NM_198697|len=411
2116
#NM_181684|len=740
2117
#NM_181686|len=589
2118
#NM_198699|len=874
2119
#NM_006936|len=1811
2120,2121,2122,2123
#NM_001202489|len=3305
2124,2125,2126,2127
#NM_003343|len=3389
2124,2125,2126,2128,2129,2127
#NM_182688|len=3505
2124,2125,2126,2128,2129,2130,2127
#NM_004339|len=2832
2131,2132,2133,2134,2135,2136
#NM_000211|len=2974
2137,2138,2139,2140,2141,2142,2143,2144,2145,2146,2147,2148,2149,2150,2151,2152
#NM_001127491|len=2929
2137,2138,2139,2140,2141,2142,2143,2144,2145,2146,2147,2148,2149,2150,2151,2153
#NR_027128|len=1837
2154,2155,2156,2157
#NR_027129|len=1104
2158,2156,2159,2157
#NM_058190|len=887
2160,2161,2162,2163,2164,2165
#NR_033840|len=2157
2166,2167
#NR_024089|len=731
2168,2169
#NR_027292|len=2257
2170
#NM_015227|len=4831
2171,2172,2173,2174,2175,2176,2177,2178
#NM_133635|len=2878
2179,2180,2172,2173,2174,2175,2176,2177,2178
#NR_026943|len=7168
2181,2182,2183
#NR_004858|len=3085
2179,2184,2180,2172,2173,2174,2175,2176,2177,2178
#NR_028082|len=3428
2185,2186,2187
#NR_027498|len=2344
2185,2186,2188
#NM_001205207|len=2626
2189,2190,2191,2192,2193
#NM_001205206|len=1890
2194,2190,2191,2192,2195,2196
#NM_194255|len=2878
2189,2190,2191,2192,2195,2196
#NM_001848|len=4260
2197,2198,2199,2200,2201,2202,2203,2204,2205,2206,2207,2208,2209,2210,2211,2212,2213,2214,2215,2216,2217,2218,2219,2220,2221,2222,2223,2224,2225,2226,2227,2228,2229,2230,2231
#NM_058174|len=3181
2232,2233,2234,2235,2236,2237,2238,2239,2240,2241,2242,2243,2244,2245,2246,2247,2248,2249,2250,2251,2252,2253,2254,2255,2256,2257,2258,2259
#NM_058175|len=3474
2232,2233,2234,2235,2236,2237,2238,2239,2240,2241,2242,2243,2244,2245,2246,2247,2248,2249,2250,2251,2252,2253,2254,2255,2256,2257,2258,2260
#NM_001849|len=3467
2232,2233,2234,2235,2236,2237,2238,2239,2240,2241,2242,2243,2244,2245,2246,2247,2248,2249,2250,2251,2252,2253,2254,2255,2256,2257,2258,2261
#NM_006657|len=1920
2262,2263,2264,2265,2266,2267,2268,2269,2270,2271,2272,2273,2274,2275,2276
#NM_206965|len=1891
2277,2264,2265,2266,2267,2268,2269,2270,2271,2272,2273,2274,2275,2276
#NM_001145437|len=4411
2278,2279,2280,2281,2282,2283,2284,2285,2286,2287,2288,2289,2290,2291,2292,2293,2294,2295,2296,2297,2298
#NM_001142854|len=2321
2299,2300,2301,2302,2303
#NM_032261|len=1169
2299,2300,2301,2303
#NM_001001438|len=2715
2304,2305,2279,2280,2281,2282,2283,2284,2285,2286,2287,2288,2289,2290,2291,2292,2293,2294,2295,2296,2297,2306,2307
#NM_001145436|len=4247
2278,2279,2280,2281,2282,2283,2284,2285,2286,2287,2288,2289,2290,2291,2292,2293,2294,2295,2308,2297,2306,2307
#NM_002340|len=4280
2278,2279,2280,2281,2282,2283,2284,2285,2286,2287,2288,2289,2290,2291,2292,2293,2294,2295,2296,2297,2306,2307
#NR_002776|len=2317
2309,2310,2311
#NM_003906|len=6141
2312,2313,2314,2315,2316,2317,2318,2319,2320,2321,2322,2323,2324,2325,2326,2327,2328,2329,2330,2331,2332,2333,2334,2335,2336,2337,2338,2339
#NM_058180|len=2976
2340,2341,2342,2343,2344,2345,2346,2347
#NM_206891|len=2942
1020,1021,1022,1023,1024,1025,1026,1127,1028,1029,1030,1031,1032,1033,1034,1035,1036,1037,1038,2348
#NM_206890|len=2891
1020,1021,1022,1023,1024,1025,1026,1127,1028,1029,1030,1031,1032,1033,1034,1035,1036,1037,1038,1039,2349
#NM_206889|len=3067
1020,1021,1022,1023,1024,1025,1026,1127,1028,1029,1030,1031,1032,1033,1034,1035,1036,1037,1038,1039,1040,2350
#NM_001146115|len=2761
1020,1021,1022,1023,1024,1026,1127,1028,1029,1030,1031,1032,1033,1034,1035,1036,1037,1038,1039,2349
#NM_006272|len=1138
2351,2352,2353
#NM_001535|len=2142
2354,2355,2356,2357,2358,2359,2360,2361,2362,2363,2364
#NM_206962|len=2252
2354,2365,2355,2356,2357,2358,2359,2360,2361,2362,2363,2364
