4870480
4063079
5472033
4833570
5243521
505624
284173
3542280
1105478
2725710
2348685
4575280
3679122
5832598
5133952
4179972
5536917
5110091
7308528
891823
995916
2446626
526950
679994
4463246
2310048
3427429
2358464
2062881
2920305
452525
6933362
6983385
5924558
4285890
4745864
6430182
4570063
807102
54619
7295773
3155788
4629899
3493853
2282810
192783
7044261
7392901
20269
455042
907776
2466895
1587770
6930142
3292042
5015200
1807564
5354923
454463
2260090
4807243
7437848
703606
1612091
4702671
7133789
6182154
5509773
7188408
5996885
4337266
2009696
2691862
2202480
2255081
6531936
2222749
2710124
7439712
4689645
3692118
1546441
4138746
6984160
6561640
5946310
4858042
7016104
725358
2184243
6972910
1428964
3796335
4194539
2497447
2223270
789078
1013291
6099652
4265379
5225468
